0.6043519030929103
0.6009980477156736
0.6046847137674476
0.6016359988931932
0.6003597122302158
0.5974597245280697
0.6027558722252966
0.6037047285248724
0.6024303634015864
0.6041897251429627
0.6033899803234336
0.6013170233044334
0.5987479247371333
0.6056285740638258
0.6059502398081535
0.6059463967287708
0.6006671585808276
0.6043568990961076
0.6051639457664638
0.6033922861710631
0.6059586945827953
0.6011498493512882
0.5998712568406812
0.596828690893439
0.5953859988931931
0.6021183053557154
0.6053192061735228
0.606585116522167
0.5987594539752813
0.6054790782758409
0.6113935774457356
0.6104343448318267
0.6033822941646683
0.5976418864908073
0.6034041997171493
0.6003393439094878
0.6001875422738733
0.6043519030929103
0.60068214659042
0.6032285709893624
0.6016275441185513
0.601143700424276
0.5936343233105823
0.6008343325339728
0.6048338252474944
0.6088329336530776
0.6045087007317224
0.6088225573387444
0.5925090696673432
0.6003493359158828
0.6057992067884154
0.6073944690401525
0.5989127928426489
0.6011456219639673
0.5973259853655537
0.6075574156059766
0.5944279192030991
0.5966749677181332
0.6019561274057678
0.6083398665682839
0.6029019092418373
0.6120292227756258
0.6036993482137366
0.6059690708971285
0.5995607360265632
0.6014722837114923
0.6057984381725389
0.6033899803234335
0.6099616460677613
0.6038715181700793
0.6045209985857467
0.597621133862141
0.6030640871917851
0.5973056170448257
0.5998616491422247
0.6038768984812151
0.5990534495480538
0.6030671616552912
0.6057865246264527
0.6053169003258932
0.6097986995019369
0.5968329182807601
0.598592280022136
0.5953863832011315
0.60898742544426
0.6014765110988132
0.6035506210416284
0.612841265449179
0.5986003504888397
0.6051662516140933
0.6030679302711677
0.5995465166328475
0.5961880495603518
0.5984381725388919
0.5961815163254013
0.6016271598106131
0.599715612125684
0.6073848613416959
0.6016452222837114
0.6003666297731046
0.6064279345754165
0.5979431839144068
0.5995591987948105
0.6130118981737688
0.610269092418373
