0.5973051700378955
0.6030765539642698
0.5987490156995915
0.6054862444017914
0.6021051724986467
0.6033884541562085
0.5931566514100103
0.6057886091835228
0.6030747084010041
0.6040304025788671
0.6001934765490428
0.6067553767409813
0.6006687090900142
0.6011507086962941
0.6057932230916875
0.6049916334465281
0.6053090703282642
0.6011543998228258
0.6051503518873961
0.6085092770313499
0.599237474777302
0.6019532211230868
0.5998671194448546
0.5995536812835277
0.6053096855160195
0.6013057360106303
0.6033939908460062
0.5934765490427679
0.6030780919336581
0.6027415842315075
0.60291414439687
0.6042029627442296
0.610592917958561
0.6072244574043998
0.6067492248634282
0.6003509646144003
0.6053063019833653
0.5989068113588268
0.6059633225060289
0.6038735297012648
0.599717628820316
0.5997210123529702
0.596513115802943
0.5982670160933117
0.6109014346178453
0.6033976819725381
0.6011568605738471
0.5971544490378464
0.5974783453910133
0.6041958880850435
0.6024435257640631
0.6081958388700232
0.6013103499187952
0.6045096338402479
0.6072330700329741
0.6045145553422904
0.6064422461735322
0.6131548673655199
0.5997084010039865
0.6062672252571485
0.5905913184703971
0.6102810177666224
0.5995512205325065
0.6033973743786603
0.5957050666863526
0.6117144052364781
0.6057962990304641
0.604508711058615
0.6037163492297849
0.601307889167774
0.6000199936020473
0.6011482479452729
0.599232245681382
0.6022728111619666
0.6059568630345981
0.6025908632314582
0.6112194866873369
0.6022623529701265
0.6083505585904817
0.6005182956838427
0.595220298735174
0.6057846104631133
0.6077169152025198
0.6022749643191102
0.6024284536640582
0.60259455435799
0.6019449160883902
0.5985887592893351
0.5955604975638565
0.6048344529750479
0.5973168586052463
0.6006742457798119
0.6001971676755745
0.6013137334514493
0.593468551601949
0.5998849598897583
0.6067479944879178
0.6030768615581475
0.6008388085043554
0.6088356341355381
0.6065889684531719
0.5984254269403022
0.5961916802007973
0.6022712731925784
0.6048415276342339
