0.6027539927712009
0.6048376284563128
0.5977954236034804
0.5958698171146081
0.595874885106324
0.5976362425909416
0.6078763502166565
0.5998774467457735
0.6049926629301745
0.6016381131406114
0.603391407911135
0.6049951969260327
0.6094762230561371
0.6105980921314821
0.6016332755121552
0.6008382919025012
0.6032370645270527
0.5979573689751368
0.6013119187647
0.605795018164143
0.6077144048450001
0.5997159621006365
0.6011541199317203
0.6057959396171824
0.5997173442801954
0.6025920473995443
0.5995524041861611
0.6083545843440521
0.6021156561782274
0.6040352732223444
0.5998758342029546
0.5926700714356469
0.6011525073889016
0.6069198819618656
0.5963630248538921
0.6021115096395506
0.6069120496110316
0.6003540683303501
0.6001918925954337
0.5950720691458361
0.6056316906129275
0.5973100482150303
0.5933095598449194
0.603709078846433
0.6016300504265176
0.6009937871028826
0.5878697618274257
0.5990709449731281
0.6022729942846875
0.602907414702244
0.6024358611093834
0.6046752223581364
0.5982731970043561
0.5955532979956093
0.5928304042644846
0.6120316426973695
0.6000260310483602
0.6029129434204797
0.6030684386208612
0.6027542231344607
0.6037157593809679
0.597950688440602
0.6027523802283821
0.6000345544889736
0.597955756432318
0.5928340900766419
0.6048357855502342
0.6088328184714477
0.6019544018963504
0.6075579881915794
0.5990649555283727
0.6013130705809991
0.6029143256000387
0.6032308447190373
0.5973059016763534
0.6024337878400449
0.6017890010757965
0.6005100242572512
0.60675678477391
0.5913844140825667
0.5961941685844407
0.6065985252144106
0.6093179634966377
0.6043563996065395
0.5966677954466397
0.6061101551035829
0.5971570870105068
0.5989156801360065
0.6057945574376233
0.6033937115437333
0.6021151954517079
0.6035517407399728
0.611393306104396
0.5976353211379024
0.60307005116368
0.6033971669926306
0.6101138685593313
0.5990773951444033
0.6065929964961748
0.6022736853744671
0.6008274648292893
0.6008371400862019
0.5998682322153805
0.6022752979172857
0.6027533016814215
