0.6066007707443888
0.6017932920301475
0.597161015066634
0.601315697073665
0.6029104271196546
0.6021207652411192
0.6019563120640558
0.6030630568656872
0.6009975392932024
0.5993945686740704
0.6025858201949935
0.6008323695445615
0.6065964713149233
0.5977923146265158
0.5984440364763596
0.6032400500453592
0.6038724244626071
0.6051590287302208
0.5998657144863543
0.5936301086179198
0.6051568790154879
0.5978016300570248
0.6009900152916375
0.6010086461526557
0.6037097627144877
0.601321429646286
0.6013002907847461
0.601156259897645
0.602919025978586
0.6065900221707246
0.610278574366515
0.5995583052795561
0.6017950834590915
0.5985909336497713
0.5934688800129555
0.5973104202405674
0.5992283240680629
0.5985909336497713
0.5968278092830415
0.6000280179486849
0.599239072641727
0.6088375489239245
0.5920239134266883
0.6115555049178306
0.600829503258251
0.6030738054393516
0.5992397892133046
0.6000359002360387
0.6048326303766157
0.5985848427913616
0.6024270995905511
0.6022708869866303
0.608183319073559
0.607715756119163
0.6091474661312445
0.6000384082365604
0.6080417961869793
0.6032300180432724
0.6067548336335769
0.6003590740175445
0.607710381832331
0.6035524752532007
0.6142813431990908
0.601156259897645
0.5985902170781937
0.5979585592325231
0.6017975914596132
0.6022733949871518
0.5989030005718241
0.5977901649117828
0.6061113523568756
0.5974709322739539
0.5995532892785127
0.6162157281728714
0.6041877159567592
0.5995461235627365
0.6107500784645877
0.6027456156568023
0.5968231515677871
0.6011383456082046
0.59699978646167
0.5993945686740704
0.604993500695791
0.6037201530023634
0.5982695512972095
0.6033980540782239
0.5998667893437208
0.5998746716310747
0.605151146442867
0.5995518561353576
0.6073872080508249
0.6035499672526788
0.6053138081909865
0.5990728280357196
0.6011494524676576
0.5939396675394508
0.6070787239866603
0.6019487880624909
0.607083023416126
0.6138015985278754
0.6016352879972827
0.6019520126345901
0.6085240488587165
0.6070805154156041
0.6089977026715221
