0.5888284250960307
0.5758642765685019
0.5774647887323944
0.587067861715749
0.5885083226632523
0.5840268886043534
0.5821062740076824
0.5849871959026889
0.5878681177976952
0.5944302176696543
0.5891485275288092
0.5886683738796414
0.5934699103713188
0.5710627400768247
0.5827464788732395
0.581786171574904
0.5784250960307298
0.5920294494238156
0.5758642765685019
0.5808258642765685
0.5944302176696543
0.572663252240717
0.5878681177976952
0.5829065300896287
0.5897887323943662
0.5784250960307298
0.5897887323943662
0.5902688860435339
0.5848271446862996
0.586427656850192
0.587708066581306
0.586427656850192
0.5809859154929577
0.5787451984635084
0.5904289372599232
0.5773047375160052
0.5843469910371318
0.5937900128040974
0.5742637644046096
0.5825864276568502
0.587708066581306
0.5814660691421255
0.595550576184379
0.5920294494238156
0.5998719590268886
0.5894686299615877
0.5861075544174136
0.5840268886043534
0.5917093469910372
0.5832266325224071
0.5931498079385403
0.579225352112676
0.5857874519846351
0.5833866837387964
0.5841869398207427
0.5881882202304738
0.594270166453265
0.5888284250960307
0.5867477592829706
0.5899487836107554
0.5851472471190782
0.5643405889884763
0.5723431498079385
0.5872279129321383
0.5835467349551857
0.579225352112676
0.5929897567221512
0.5859475032010244
0.5819462227912933
0.5749039692701665
0.588348271446863
0.5913892445582587
0.5883482714468631
0.581786171574904
0.584346991037132
0.5857874519846351
0.5776248399487836
0.5869078104993598
0.5883482714468631
0.5744238156209986
0.5853072983354674
0.575224071702945
0.581786171574904
0.5861075544174136
0.5886683738796414
0.5779449423815621
0.5851472471190781
0.581145966709347
0.581786171574904
0.5915492957746479
0.5921895006402049
0.5865877080665813
0.5853072983354674
0.5944302176696543
0.5790653008962867
0.581786171574904
0.5784250960307298
0.5880281690140845
0.594910371318822
0.5880281690140845
0.564820742637644
0.5921895006402049
0.5899487836107554
0.5899487836107554
0.5878681177976952
