0.6032294871794872
0.6022769230769229
0.5937958974358974
0.6021161538461538
0.6029138461538462
0.6008271794871796
0.6017956410256411
0.6073907692307693
0.5969915384615384
0.6040346153846153
0.6053156410256411
0.6049876923076922
0.6072392307692307
0.6115546153846154
0.600191794871795
0.6048335897435898
0.605797435897436
0.5993941025641025
0.6085135897435896
0.601951282051282
0.5995484615384616
0.5973079487179487
0.592987435897436
0.5981141025641026
0.6001820512820514
0.5961910256410257
0.6120312820512821
0.6077176923076923
0.6069094871794872
0.6081964102564102
0.5982700000000001
0.6016374358974359
0.5984302564102565
0.5968251282051282
0.6043579487179487
0.5990746153846154
0.5953910256410256
0.6032330769230769
0.6000371794871795
0.5984364102564103
0.5966705128205128
0.6025823076923077
0.6043482051282052
0.5905869230769232
0.6035505128205129
0.607071282051282
0.5963476923076924
0.5979510256410256
0.5958779487179487
0.6091464102564103
0.593787435897436
0.6080410256410256
0.6024338461538462
0.6006774358974359
0.5982648717948718
0.6049969230769231
0.6005197435897436
0.6037117948717949
0.601948205128205
0.5937810256410256
0.6051471794871796
0.5969925641025642
0.60019
0.611074358974359
0.6086766666666665
0.5992264102564102
0.6048364102564102
0.6038664102564103
0.5926633333333333
0.6083546153846153
0.5889884615384615
0.600671282051282
0.6014679487179487
0.6046733333333333
0.5985907692307693
0.6101123076923077
0.6051484615384616
0.605155641025641
0.5987479487179488
0.6077194871794872
0.6021189743589743
0.5885089743589743
0.5977953846153847
0.6061148717948718
0.6041958974358975
0.6021125641025642
0.6022658974358974
0.6035543589743589
0.5977946153846153
0.6062810256410256
0.610754358974359
0.6059474358974359
0.6089974358974358
0.5958715384615384
0.6019512820512821
0.6038782051282052
0.6003569230769231
0.5981092307692307
0.6053210256410256
0.6035523076923077
0.6029092307692309
0.5997074358974358
0.592988717948718
0.6017889743589744
0.6054725641025642
