0.5891485275288092
0.5971510883482715
0.5969910371318822
0.5953905249679896
0.5941101152368758
0.5931498079385403
0.6000320102432779
0.5953905249679897
0.5981113956466069
0.5984314980793854
0.6019526248399487
0.6022727272727273
0.5992317541613317
0.6008322663252241
0.5925096030729834
0.6054737516005122
0.6048335467349553
0.6024327784891166
0.5957106274007682
0.5936299615877081
0.5885083226632523
0.5953905249679897
0.589628681177977
0.5931498079385403
0.5958706786171575
0.5901088348271447
0.5949103713188221
0.5921895006402049
0.602112676056338
0.5941101152368757
0.59955185659411
0.5936299615877081
0.596830985915493
0.5902688860435339
0.5977912932138284
0.5976312419974392
0.5984314980793854
0.5976312419974392
0.5950704225352113
0.5979513444302176
0.5904289372599232
0.5861075544174136
0.6054737516005121
0.6009923175416134
0.5957106274007682
0.590268886043534
0.5934699103713188
0.6024327784891166
0.6006722151088348
0.5981113956466069
0.5905889884763125
0.5872279129321383
0.5985915492957746
0.5997119078104993
0.5977912932138284
0.5984314980793854
0.6006722151088348
0.5902688860435339
0.5888284250960307
0.5945902688860436
0.5995518565941101
0.6035531370038412
0.5953905249679898
0.5969910371318822
0.596830985915493
0.5909090909090908
0.5950704225352113
0.5928297055057619
0.5952304737516005
0.5931498079385403
0.5950704225352113
0.5982714468629962
0.5936299615877081
0.6009923175416133
0.5950704225352113
0.5929897567221512
0.5957106274007683
0.593629961587708
0.6025928297055058
0.6051536491677337
0.5985915492957746
0.5939500640204866
0.5989116517285531
0.5894686299615877
0.5934699103713188
0.5918693982074265
0.6025928297055058
0.5953905249679897
0.5966709346991037
0.5984314980793854
0.5928297055057619
0.5915492957746479
0.5987516005121639
0.6013124199743918
0.5969910371318823
0.5989116517285531
0.6001920614596671
0.5929897567221512
0.589628681177977
0.602112676056338
0.5963508322663252
0.594270166453265
0.5937900128040974
0.5920294494238156
0.5950704225352113
