0.5790635627540944
0.5947493769992632
0.5921896590870486
0.5993940394536131
0.5957095306238432
0.6016317077591204
0.5822673030182428
0.5958688644746079
0.5923486854918881
0.5969888131188407
0.5912298129083938
0.5969919644395745
0.5958697099509024
0.5990727584617189
0.5909107608994576
0.5989109650435521
0.5889886858362275
0.5928297615034351
0.5936285060172547
0.5945918109625686
0.5942706836936369
0.5937921441109731
0.5966694536639792
0.5827449202631306
0.5867489422707249
0.5899512990282095
0.5944271736695931
0.5920302483748024
0.5945891208107227
0.5957130662519837
0.596670606586199
0.599229479022119
0.5928272250745518
0.5945898894255358
0.5955516571412233
0.5894665336655595
0.5891472510721792
0.5912260466958095
0.5944327076962478
0.5965096586443265
0.5913896079280466
0.5925104020485737
0.5894674560033352
0.5861079175165624
0.5907514270486929
0.599072297292831
0.5950686595926434
0.5973116313403612
0.5939522465765512
0.5912311195535763
0.5861078406550813
0.5981091460704798
0.5846686094174683
0.588988532113265
0.5912271227565479
0.5961885313753946
0.5902717345438094
0.5905898642149698
0.5907481220049963
0.5965112727354339
0.59346917216649
0.5904296080264294
0.5945920415470125
0.595710452961619
0.5960292743861113
0.5987503245476048
0.5886675585672959
0.5837056119180798
0.5928308375641735
0.5961918364190913
0.6021127069091862
0.6029126812067068
0.5918669177270092
0.5925087879574661
0.5957123744986518
0.595071272883008
0.5846666110189542
0.5909085319164995
0.5942700688017865
0.595388557077874
0.5897896593330053
0.5917069689843939
0.5875483785378763
0.5899483014304384
0.5921897359485299
0.5934694027509338
0.5982718618264224
0.5856271489509407
0.598431118815706
0.5965117339043219
0.5931498127116285
0.5929909400297515
0.589949684937102
0.5904302229182798
0.5957106066845815
0.6006714004115778
0.5936302738313249
0.5934692490279713
0.589628480806689
0.5885076098246804
0.5883492751731728
0.6045129372476733
0.591707968183651
0.5905871740631239
0.5934707862575975
