0.595871656050727
0.609154911895711
0.5966752942847531
0.5997108624055129
0.5998706574661058
0.6016352181857181
0.5944387014669582
0.5965124503846201
0.6035518621953223
0.6003541675484388
0.6054706583269546
0.5985921176378596
0.6096342970774901
0.5966715280712036
0.6009969346608578
0.6032294025780988
0.5971501958789733
0.6016266096976054
0.603068172769487
0.5995550129019716
0.5947559601226136
0.5976306571217663
0.5929865571284381
0.6038673274159543
0.5965110156366011
0.5998726302446317
0.6032410599057514
0.6043492234067661
0.606113604782876
0.6003548849224483
0.6003489665868708
0.5989093762935151
0.6038694795379824
0.5976374721748555
0.5974742695877179
0.6013120411944852
0.5993903755668152
0.5925059165421426
0.6011508113858733
0.6033922464782316
0.5955574462346114
0.6014698634765523
0.6027564737624042
0.6021117338714594
0.5915489396136079
0.5968309644447919
0.6053128360448875
0.603555807752374
0.5963530140110318
0.5926743200908483
0.6041908630941919
0.6008369602567625
0.5985948077903949
0.6099524524506572
0.6064263798509727
0.6016359355597275
0.6125145537252157
0.6070752446424715
0.6024329380841668
0.5969991886499953
0.5979479157774217
0.5981125531125782
0.5947554220921065
0.5929888885939684
0.6003419721902791
0.5947518352220597
0.59954496966584
0.6024311446491432
0.6006698121125733
0.6040335788426318
0.5990709647891315
0.5993878647577822
0.5987508366374384
0.5982680439291147
0.6091529391171852
0.596023739340719
0.6046663027189193
0.6064306840950291
0.6001907856177989
0.6014770372166461
0.6017926817807806
0.5973085561915475
0.5953956783954926
0.5893150369483484
0.5939516045145782
0.6035536556303459
0.5997117591230247
0.6062753726219948
0.5939519632015828
0.5955499138075128
0.6043494027502686
0.5966706313536919
0.5955500931510151
0.6014700428200547
0.5950744741827855
0.593954115323611
0.6017901709717476
0.596348530423473
0.5968298883837778
0.5998688640310823
0.5952360626784019
0.6077137075108342
0.5998701194355988
0.605314629479911
0.5960276848977707
