0.6045188309611388
0.599720134335519
0.603552961245269
0.6073941174902714
0.6029136014712938
0.6045121674929367
0.6013057065941682
0.603242110453649
0.5976291380137535
0.6091566048296818
0.5950806945999253
0.599395290260675
0.6037042219734527
0.6005134202249587
0.5971493683032144
0.6019600591715976
0.6043602404179327
0.6077142971373741
0.5990767764806226
0.6078695559464791
0.606266991843915
0.6037128844821152
0.6011524468255237
0.599547550509089
0.5954032064608987
0.6040327309558079
0.6094644570606109
0.6048313476198091
0.6027360200437124
0.612351404659097
0.6019530625299856
0.6037028892798124
0.6061143984220907
0.6034053654245961
0.6001969054853671
0.601315701796471
0.6088367583559892
0.5979636441174901
0.6048326803134494
0.5960229090036782
0.5979409883256037
0.5981082413774722
0.5993962897809052
0.605793885601578
0.6013130364091902
0.5992390319313396
0.6073934511434511
0.6027616743962898
0.5966702649394957
0.6053054533823764
0.6005147529185991
0.6061123993816302
0.6033930380084227
0.6043532437763208
0.598753598272829
0.6038784716669332
0.602766005650621
0.5987555973132896
0.6051395330241485
0.6075507089930168
0.5986023375446452
0.6005137533983688
0.6056406258329337
0.6056366277520124
0.6109124287008904
0.6008322671784211
0.6021163175009329
0.6019623913854684
0.6048253504984274
0.6070762700570392
0.6019480649288342
0.6024308332000639
0.6030725251879099
0.5934651367343675
0.5995478836824991
0.5973056266325497
0.6013093715016793
0.6064422410576257
0.6048256836718375
0.6016248867210406
0.5939485713524175
0.6105902500133269
0.6038648115571192
0.5918722346606962
0.6035569593261901
0.6097879684418146
0.6057955514686284
0.6027640066101604
0.5966589370435526
0.6040350631696785
0.6017858094781172
0.6017958046804202
0.6019467322351937
0.6032334479449866
0.6013143691028306
0.6043429154006077
0.6014762913801376
0.6024281678127833
0.6027630070899301
0.6041926541926542
0.607392784796631
0.6005220827336213
0.6043645716722639
0.6054640439255824
0.6043675702329548
