0.6016325224071704
0.6027528809218949
0.5976312419974392
0.5976312419974392
0.5979513444302177
0.5990717029449424
0.5990717029449424
0.6080345710627401
0.5971510883482715
0.5982714468629962
0.6025928297055058
0.6003521126760563
0.5950704225352113
0.6022727272727273
0.6022727272727273
0.6064340588988476
0.6032330345710628
0.5973111395646608
0.5960307298335468
0.5936299615877081
0.6013124199743918
0.5966709346991037
0.58898847631242
0.6032330345710628
0.6041933418693982
0.6035531370038412
0.59955185659411
0.59955185659411
0.6073943661971831
0.6080345710627402
0.6054737516005122
0.5960307298335468
0.607394366197183
0.6037131882202305
0.6038732394366197
0.5937900128040974
0.5979513444302177
0.5993918053777209
0.5974711907810499
0.5952304737516005
0.603393085787452
0.5984314980793853
0.5981113956466069
0.5993918053777209
0.6077144686299616
0.5969910371318822
0.5982714468629962
0.6003521126760564
0.596830985915493
0.6126760563380282
0.5939500640204866
0.6011523687580026
0.5947503201024327
0.6069142125480154
0.6025928297055059
0.6035531370038412
0.600832266325224
0.6038732394366197
0.6013124199743918
0.6040332906530089
0.6054737516005122
0.5958706786171575
0.6043533930857874
0.6032330345710628
0.5952304737516005
0.6091549295774648
0.6006722151088348
0.6059539052496798
0.6062740076824584
0.5941101152368758
0.6032330345710627
0.5990717029449424
0.6149167733674776
0.6013124199743918
0.6064340588988477
0.6081946222791293
0.6037131882202305
0.6005121638924455
0.5995518565941101
0.5953905249679898
0.6008322663252241
0.6045134443021767
0.6022727272727273
0.5929897567221512
0.6078745198463509
0.5982714468629962
0.6091549295774648
0.6061139564660691
0.5957106274007682
0.6022727272727273
0.5993918053777209
0.6008322663252241
0.6054737516005122
0.6016325224071704
0.6054737516005122
0.6051536491677337
0.5998719590268886
0.5997119078104993
0.6033930857874519
0.6013124199743918
0.5997119078104993
0.6057938540332907
0.5937900128040973
0.6078745198463509
0.603393085787452
