0.5955505761843789
0.6064340588988476
0.5985915492957746
0.6070742637644048
0.5989116517285532
0.6061139564660691
0.6065941101152369
0.5981113956466069
0.5934699103713187
0.5993918053777209
0.6037131882202305
0.6032330345710627
0.6030729833546735
0.6022727272727273
0.6022727272727273
0.5979513444302177
0.5995518565941101
0.5990717029449424
0.6077144686299616
0.5995518565941101
0.602752880921895
0.6035531370038413
0.602112676056338
0.6019526248399487
0.5981113956466069
0.6032330345710627
0.6144366197183099
0.6013124199743918
0.6049935979513443
0.6041933418693982
0.6083546734955185
0.6054737516005122
0.602752880921895
0.5995518565941101
0.6054737516005123
0.6038732394366197
0.5955505761843789
0.5977912932138285
0.598271446862996
0.6017925736235595
0.6057938540332907
0.6049935979513443
0.594910371318822
0.6037131882202303
0.6019526248399487
0.5920294494238157
0.6067541613316262
0.5958706786171574
0.5990717029449424
0.6109154929577465
0.6029129321382842
0.604033290653009
0.6049935979513444
0.6117157490396926
0.60595390524968
0.600832266325224
0.5982714468629962
0.6043533930857875
0.6077144686299616
0.5963508322663252
0.6005121638924457
0.6041933418693982
0.601472471190781
0.610595390524968
0.5957106274007683
0.6080345710627402
0.6081946222791292
0.6075544174135724
0.5997119078104992
0.6030729833546735
0.6006722151088348
0.5945902688860435
0.5982714468629962
0.6003521126760564
0.6016325224071702
0.6054737516005121
0.5952304737516004
0.6056338028169015
0.5987516005121639
0.596190781049936
0.5995518565941101
0.5981113956466069
0.6038732394366199
0.5998719590268886
0.6057938540332907
0.6129961587708066
0.6046734955185659
0.603393085787452
0.6033930857874519
0.5987516005121639
0.5998719590268885
0.5997119078104994
0.594270166453265
0.5989116517285531
0.6016325224071702
0.6017925736235595
0.5998719590268885
0.603393085787452
0.6072343149807938
0.6037131882202306
0.6070742637644045
0.602112676056338
0.6041933418693982
0.6065941101152369
0.6064340588988476
