0.5981135628502803
0.6013112570056045
0.5917101040832666
0.5998703602882306
0.6038721537229785
0.5915498478783026
0.5955517694155323
0.6006708726981584
0.6035506164931946
0.5960333066453163
0.6000324099279424
0.5982711289031226
0.6038726661329064
0.6046736909527622
0.5984288230584467
0.5960308726981586
0.5990726661329063
0.601626901521217
0.5963520256204964
0.5971520256204965
0.5904331785428342
0.592667413931145
0.5950712570056045
0.5963529223378703
0.6041898478783027
0.598754459567654
0.5976292073658926
0.5925131785428343
0.5979530504403523
0.5926686949559647
0.6017944595676541
0.5981134347477982
0.5955511289031226
0.6005089511609288
0.6003515132105685
0.5992318975180143
0.5867495916733386
0.5987479263410729
0.5974698478783027
0.5920311289031225
0.6016308726981585
0.5979513851080865
0.5968292073658927
0.6093148438751
0.5992284387510007
0.60035612489992
0.5982715132105685
0.5990707445956766
0.6030740752602082
0.5990747157726182
0.6033977902321859
0.5963529223378703
0.5929910008006405
0.6003562530024019
0.5977897197758206
0.6038735628502803
0.6011522818254604
0.5896299759807846
0.6070768935148119
0.6009926661329064
0.5957116413130505
0.5925090792634107
0.588826773418735
0.6027525380304243
0.5910698478783026
0.6057917694155325
0.6005107445956765
0.5936325380304244
0.5971488230584467
0.5990717694155323
0.5984317694155324
0.5886699759807846
0.6075570216172939
0.60419548438751
0.6073926661329063
0.5968318975180145
0.6029101040832666
0.5941077982385908
0.5992276701361089
0.599715740592474
0.6038740752602082
0.6011484387510008
0.5902683106485188
0.5981144595676542
0.5998706164931945
0.6029116413130504
0.5969918975180144
0.60467612489992
0.600674971977582
0.5960324099279424
0.599075612489992
0.6016334347477982
0.6024306164931946
0.6032324099279424
0.5941074139311449
0.6014699759807847
0.6005151000800641
0.5981095916733387
0.6019543314651722
0.5965095916733387
0.6009918975180144
0.5993903602882306
0.594267542033627
0.6006718975180143
0.6057961248999199
