0.6048379216057201
0.5905901850120737
0.6016301872737899
0.5997155646024205
0.5949101858970932
0.5992321842217023
0.6059515710016022
0.6005163842287087
0.5985965374845659
0.5992318769233038
0.6035509559131279
0.6073963344217842
0.5987521841233667
0.5968277279032477
0.5936304417168639
0.6049918781033298
0.5937959219044142
0.6009934649922591
0.5952314663726436
0.5963518763332908
0.6000283943720142
0.5969878303688256
0.5947534637138978
0.609314030077138
0.6017981258485278
0.6035523387559208
0.604189982932647
0.5969936690383957
0.6016372551369535
0.5936273687328796
0.6000374596747676
0.6053163852120637
0.6008319796838882
0.5974690596607548
0.6027550530612145
0.5968318764316264
0.5987524914217652
0.6025864998896799
0.5905889558184801
0.6073941833329953
0.5955524395497956
0.5969950518811886
0.598595922887769
0.590588187572484
0.6013142845202119
0.5925104927038141
0.6054757194316455
0.5987500330345779
0.5993942841268699
0.6040323388542564
0.5945959732847065
0.6040295731686706
0.6014676264210246
0.6011529528610403
0.5953903396446278
0.6048351559201344
0.6035503413163311
0.5968314154840288
0.599233413415296
0.5989141303793353
0.5921964337406266
0.6019533115397309
0.6037158215038815
0.6056361291956218
0.5981137717006447
0.6078764881693189
0.5965089058148848
0.5963494179461035
0.6001909552247795
0.5939501857004222
0.5985963838353667
0.5981123888578517
0.5992367936976786
0.6037087536407177
0.5925060368770371
0.5977877280999186
0.6013148991170087
0.600827370207912
0.6054708026572707
0.5984296744542227
0.5950656788866948
0.6019582283141056
0.6000345403399826
0.6027542848152183
0.6014716213002042
0.6080329030541158
0.600830289542697
0.60290977780482
0.5933087002937157
0.5987546425105542
0.5979522863922738
0.5952290079854562
0.6049938755429195
0.5985887013754062
0.6025918776116523
0.5921905950710565
0.6057939269232117
0.5974692133099541
0.6006714162707127
0.5995499307656709
0.5934714147956804
0.6016346431005671
0.6001931063135685
0.5990731573005187
0.6025940287004413
